0.98555332348063
1.72868614682945
1.71524823932243
1.72056473559746
1.49521123214661
0.775561106997789
0.900035728911454
1.01975473053236
1.29295998628533
1.83202731642645
1.60767954912534
0.897828118546151
1.42817688856533
1.24583319924835
1.74554202709173
1.33525320505949
1.19370438794752
1.3405049604229
1.24404593429388
1.34881534093008
0.947421874283844
0.987899125000199
1.59553685092969
1.34771083927577
0.721144309776729
1.11127163090123
1.53743700275524
1.23126066804821
1.39687112193125
1.77160129902957
0.72862245588909
1.73403010503126
1.55855726678811
1.4577211603245
0.997178931555824
1.55197722388446
1.31746366601003
1.29318754253192
1.78581332151402
1.17695005972923
1.06718048784329
1.58437250948551
1.61614078760393
1.45403337262065
1.03293996036019
1.95271832788273
1.58183965674571
1.16546763859396
1.03546766004592
1.48719690231451
1.2498493451926
0.850961107196734
0.597435761633536
1.13802123731368
1.08817698085104
1.27559323715744
0.569404400482165
1.1764993228521
0.822812692539913
0.893811326131375
1.36874803447016
0.385824376919568
1.65642586923692
1.37453234603238
0.927856661900704
0.410167368483436
1.62430532603319
1.1347997356348
1.44034995026471
1.12672724791836
1.55993249033254
1.13842750183079
0.624829427179608
0.818470042766862
0.879815642077766
1.13829936074552
1.34382225839206
0.942161556983379
1.55245237463536
1.62922611286656
0.73105901340261
1.41441461189547
1.62304333190742
0.822767784121078
1.98060060363172
1.17679958464654
0.918555985496186
1.02322739123577
0.964832161729138
1.33456196380045
1.43855008704172
1.70496857493088
0.896626962449531
0.936753231343298
1.68613934503815
1.02301818649152
1.42658563544939
1.33441478829809
0.857457294627171
0.920393359237053
0.707586372450723
1.33844999750508
1.34472076551193
0.524937371042463
0.743488395821567
1.03165563633116
0.505322475024221
1.43913669317825
0.918029828003758
1.3226609951676
0.683105922217847
0.881963496252302
0.824616990226021
1.23328982680979
0.4325094571369
0.602663155773537
0.803366922392268
1.16734355614439
0.903783590558052
1.06474069188396
1.3806498688723
1.42873169741025
1.33780731879575
1.53844780951312
1.23460849509031
1.24751996468577
1.16627246145924
0.742977908653125
0.962795862105662
0.863121108249203
1.50123921329629
1.91344052789813
1.07770417080189
0.440614733115859
1.1749938190383
0.773373533513083
1.22071164373621
1.439094040646
1.77861018973542
0.657802176381694
1.22094755516585
0.972072855448348
0.749571104320088
1.04754880332487
1.13845873159174
0.995317275309451
0.900897470490345
0.985411929788834
1.47285503924493
1.12010916444392
0.585854816528581
1.05994153404046
1.59495393063064
1.18741017471668
1.55194670318461
0.439707884170056
0.762615698194534
1.51753060214698
0.901781128667324
1.15878161647727
0.761148408846404
1.18610409506934
1.17131770087786
1.57916968451566
1.59641501734276
0.886476413002721
1.30039665454597
1.09835904253678
1.39756244019659
1.92134527756414
1.10115504898091
1.06208938150807
1.35889260336954
0.458194611096796
1.01909684378539
0.889885526141643
1.58438621199596
0.995615100751379
1.16932852837742
1.10702076413867
