1.36525306323121
1.83584577109622
1.42672061615818
0.840224642001733
1.37072197046179
1.20526909464515
1.08317428189078
1.64797045409571
1.08951219124168
1.54732074189678
1.28455740472696
1.0671211363126
0.709483708171833
0.595444333118623
0.689579574553235
1.32813632068726
1.14148637396546
1.964188547228
1.05156649660506
1.39668772980402
1.57581896109638
0.734213702947347
1.44241348799235
0.539202453121787
1.90930448059177
1.67518137303062
1.67888504294219
0.831957710299295
1.35977703568654
0.942435872095479
1.24398339630441
0.739921477554211
1.3089673650395
1.46779282067761
0.924704037349165
1.12500690520327
1.67883440069361
0.935215167477559
0.797103185876107
1.87416868945857
1.06501010606822
1.77121827183225
1.43358363728415
0.752206203171427
1.06132654732416
1.42514879584975
1.32674204040423
1.05623532354834
1.17655638381729
1.91155549182771
1.33730582756603
1.09319679124771
1.39661810464017
1.01644522258883
1.53305666900676
1.4848492834239
0.891984379390987
1.2067647367982
1.53740013917282
1.07397540002277
0.503814063948714
1.56628730422141
1.60883199201475
0.446513438830643
1.0684836704955
0.570393477231929
1.57119364911448
1.66977945460233
1.04328450572086
0.785305556232343
1.71808437934943
0.800929245865664
1.09443805003762
1.78688975566569
0.923728714475927
0.582570779443322
1.51052726944074
1.09895744069522
1.27715015687329
0.656068606060029
1.42614380277708
0.536734469301884
1.30244926589988
1.52628771888484
1.33868036212863
0.706818915599465
1.00360398878753
0.763838154329536
1.01332979450765
1.22217135725677
0.849909622978883
1.41671064332053
1.97709296155736
0.946205716354293
0.396197811171094
1.38454397611787
0.973175425518257
1.84227186395241
1.39464550898182
0.98017791510021
1.08561005516593
1.17165728353792
0.611097708119673
1.49669246614745
0.582552340391184
1.35872770641028
1.09661145432964
0.838274081970718
1.73505173769246
0.513609000534343
0.401209148292374
1.52609733246189
1.20420371300721
0.979407732018086
1.45054914499112
1.02578690267341
1.48871821817891
1.36297803105696
0.804991232765062
0.8055877113463
1.02351565771272
1.94338162906142
1.12706972680399
0.782056319076066
0.931140672921766
1.50336846705288
0.956231219984452
1.34661197069644
1.74832144145264
1.17566858853692
1.0389450338491
0.941080542933478
1.70538634767913
1.80260019761546
0.569021380797647
1.54257883610432
1.27690677396116
0.860708193150242
0.699740619636797
0.852139173316056
1.3943885248627
0.644010278181912
1.35737283587616
1.05659691746138
1.17512256289913
0.947150531970098
0.916653086435054
1.37271848928625
0.630663180679464
1.33516301314471
1.64176613476933
1.78572662707897
1.8009077947142
1.44388202162894
0.966797490233708
0.478308296709056
1.5209056896208
1.29637664900166
0.834419885663255
1.49942117061879
0.904877208108877
1.67320657709008
1.73598119978136
1.31727754192934
0.93795048697664
1.22818616308311
1.10639075435592
0.848835492590596
1.90831327903428
0.792705718922171
1.06475226684754
0.928817218359405
1.18265315533249
0.808587022992159
1.18151780803173
1.33818754083371
0.508170393651537
1.24424654818634
0.761027790413926
1.53429838981891
