3.77954543694969
2.08646010105208
1.42334140465958
2.00498426987832
2.07566895305228
1.97333406012664
2.41783032279288
1.43225387068353
1.73691050708476
1.57513294092545
1.61213875600491
1.98647967678297
1.46379201423125
1.76606192755562
1.9697837941523
1.35231282496206
2.1921338630578
1.80066826124818
1.68625479351844
2.12104725673298
2.18665295057769
2.21060865747173
1.95986081176431
1.69346996588115
1.90154454637761
2.06697309356861
1.97470549380383
1.50517553150786
1.22405163721871
1.84557734982185
1.91373718677704
1.65389417441422
1.76248036501235
1.87780861189806
2.10910536116736
1.38665127873692
1.43625999058277
1.48936980873121
1.86047043169871
1.80573950104528
1.8226903638818
1.49408150066975
1.69238719484251
1.87960102199434
1.62144136417706
1.49064166400977
1.65363962558954
1.96676180762102
1.7045260473955
1.59426904331179
1.8276307422772
1.38058022264713
1.89366749121652
2.05669565043892
1.82136590636669
1.4344067688979
1.43397134939436
1.80075545625294
1.62377700994262
1.50773910244901
1.34564762359605
2.03873733219729
1.9612752711703
1.5320448051518
1.82049541099342
1.67813508483809
1.73393752417372
1.34804867259769
1.82739813222784
2.16831723328431
1.56268430616608
2.00715736596925
1.97820337557258
1.49151819839649
2.04167461633205
3.33652929671679
2.0736183711083
1.63129248428418
2.16012245726276
1.82294635903669
1.68990528592311
1.99531516538651
1.9709737399006
1.73069485381284
2.014940701435
1.66332850536001
1.31446976068147
2.17808337913819
2.00791551957155
1.69455385117459
3.67409746063124
2.03043984705687
2.52419219471378
2.81849925982901
1.57899586705136
1.69306359845913
1.92552601053209
1.4951772786344
2.00341068127649
2.15022627747397
1.99577814480076
1.94813245651837
2.14328540294101
2.02345406650601
2.03990854452921
1.6001771805497
1.67811058190116
1.98679942619858
1.566425944784
1.56711774443497
1.37173682110878
1.76167866276731
2.10145993711958
1.92283797407539
1.99255384493457
2.07665290345304
2.03339329961089
1.75227396885807
2.24679849694199
2.09817582781704
1.37584252983293
2.10015714880043
1.46875911900622
1.57482377611517
1.78925484058465
1.76891625159229
1.61960344454518
2.18237040097714
1.77865837174339
1.91011335680746
2.10791187688547
2.01533649428013
2.00822961413845
2.00694833543986
2.64160083577811
2.12741972766305
1.73028398440083
2.11171201730516
1.25933635766305
1.48435217735527
1.65373928645682
1.99790168677891
1.63611259135078
1.85192829894132
1.43838135522009
1.73035798188092
1.4558964170871
1.77397669808988
1.74916802149967
1.2010255451561
1.19025997077004
1.43819576409124
1.329988878069
2.33540097768767
2.0292250882187
1.51401569310298
2.03184079644364
1.57800517398083
1.44642455439844
1.7924626237444
1.55625903326002
1.32445919404972
1.37485659699931
2.01867252131974
1.95303298270077
1.64174243769953
1.75829859513304
1.33614108999021
3.46421352281054
1.96313290132468
1.62207916493298
2.17666004918543
1.96404375994643
1.35105577521249
1.34341663842286
1.45150873465061
1.81728982901135
2.20153549174628
1.53813449795351
1.77530605169333
