2.677946196313
3.4500753386369
2.12259941406551
3.40853126976886
2.07381746645144
1.67530744115045
3.45796006122244
1.38111455938376
1.62470501179563
2.00419359882662
1.93099364131938
1.42034358601869
2.64217267483809
1.24861333016614
1.68572992073243
1.59055913316373
2.025717658014
2.01715299902187
2.00970629372414
3.27619335722041
3.77563666596451
2.20998075592532
2.8476896425742
1.74349651238196
2.09974475423433
1.80943917139848
1.77063133380768
1.99475381388577
1.68277003991086
1.48735921069121
2.09481081065229
1.57346786458134
1.52804916375814
1.94788634037659
1.54044502200121
2.11820526779269
2.18677639435548
1.77788235254897
1.95919193962106
2.77623005047084
2.15987646016081
1.64160233506659
1.73499789752398
2.08465767731003
1.279732707259
1.89541345960622
1.65950863061763
1.98032803092996
1.54664847418633
1.93235020204173
1.95729933028527
1.58827135091514
1.37393930125034
1.7704699136089
1.76669345940239
1.71955250624336
1.5589420328959
1.8290590098614
1.84694675113219
2.12876302131306
2.02888751412458
2.96052798103453
2.02209899267582
1.68857865658766
2.12971515257329
1.93385419586186
1.8265138194585
1.65650878661114
1.80756932743866
2.16760694249981
1.86239167954792
1.91884975806421
1.63947390607687
1.9721383844874
2.17078090512163
2.12124743809113
1.89189846524071
1.89849686179657
2.11317844690712
1.4924159368877
1.38391960930038
1.50573570561674
1.75016980575201
1.37093700953777
2.19977303353394
1.58943519746789
1.79188027082085
2.11068058027602
2.41718985649592
1.67008841388793
2.52079984996847
2.08589657668481
3.25584439699756
1.94537157435695
1.96921393785711
1.74021984468649
1.76313032391296
1.44135552182206
2.02409106774422
2.31111104613484
2.84011623702447
2.39336188116048
1.56375588768837
2.87449635515681
2.39025846412498
1.64149953384639
1.60078020639867
3.76528480932798
2.01448733456088
2.26475333469242
1.51968880544658
1.46254410212932
2.79037589821253
2.06344062041205
2.78898223845749
1.50208127934956
1.73787003366458
1.32480348955222
1.90765717893163
1.50174575186394
1.48270704979662
1.82040283411927
1.42688012210163
1.63396630845176
1.51232866198621
2.13147367632461
1.69343580669316
1.63705118490396
1.66099512351316
1.20513033156249
1.30891990512105
2.0114677270649
1.97345155706522
3.18591370050873
2.74902851778724
2.04529928143974
2.21786341418003
1.95824346949046
2.19225007464126
1.71811288802977
2.09010793313362
2.04225038774667
1.40400294020472
1.62678707118711
1.91081135101688
2.0788803561275
1.60347543395052
1.98684129541302
1.7826800490889
2.24529872715693
1.96118550992715
2.05952220426788
1.84555332763157
1.67375697021182
1.52111992360655
2.80830770044368
2.67493891211674
2.77331021582078
1.89206923852698
2.06359962859295
3.63823856036248
1.90518962675013
1.28578356451494
1.77084683058159
1.31434892729041
1.34961547060427
1.45510412891541
2.08796068721739
2.06322589636869
2.08803230046293
2.06894861717256
3.17428588791779
1.83297809542765
1.64902939953388
1.34183738233749
1.99518945760991
2.01736162873406
1.8071271187783
2.09812598305756
1.9606392535224
