2.60709221253403
2.05829258177601
2.58987536301597
2.15976138538647
2.55711080052092
2.64399508537773
2.22360201927425
2.86536708487974
2.558824946098
2.18465864087175
2.55983819690193
2.64686418951673
2.91014498889116
1.81151839804157
2.38858029977344
2.7966767627596
2.01395171627477
2.8381287114655
2.00746371507972
2.79815440667184
2.3018623173477
2.29324049239607
2.57854661247092
2.84792916400555
1.76717552728867
2.34174522551454
2.17295339669274
2.70056672456621
3.30883550766878
3.50961236142356
1.92063160284678
2.90666805243729
3.03078794570562
2.23308732247481
2.28374060507008
3.00386986609996
2.89594763425675
2.78682969125129
2.44254937126605
2.10554840574847
2.60290138059347
2.3738399832773
2.47172116509998
2.48672980262992
2.24475104883861
2.20232981150289
2.54922498314639
2.39047266758885
2.99248012568834
3.20165086305972
2.50170262971175
2.30934018737975
3.20888062460583
2.97841602485594
2.49632149189681
2.81082819172641
2.3387744934964
2.48081975771033
2.2846550154432
3.40223953116041
2.52279049578305
2.89624806678421
2.95826512802622
2.74661912920882
2.41520911012766
2.03580295266602
2.31575866471467
1.86169941625118
2.51054791296712
1.92783670482046
2.4067630808844
2.43012761772583
2.5130387504687
3.35246365403122
2.50700179762387
3.34803033135872
2.64756752297561
3.13883323162594
2.0848361528133
2.87647656487876
1.88658020727207
2.71578641990414
2.87472404870234
1.77505199884689
2.43667225072622
3.1071136378007
2.57817415959783
2.51440724276663
3.46793759141803
2.43850001297218
2.94032069745089
1.79340909537341
2.49632476799311
2.03951607282801
2.58410007037851
2.5878056777121
1.68159734183575
2.60533847660147
3.23013411367164
2.79002820769628
2.31938968297509
2.89998210928482
1.99835567725963
2.57021917458465
2.48442938132279
1.47796909503784
2.67248709345919
2.63299322013373
2.43970315932136
1.71941706234712
2.07331872211396
1.04612314420038
1.82285654884471
3.01084081286609
2.92688494313864
2.45892883437088
2.38198845327245
1.37983100832606
0.957741694523531
1.76344184784256
2.28857417129207
1.54737951333379
2.03629073351225
3.04570962677127
2.40554397073051
1.08021732442108
1.67073334223491
2.56429872736235
2.19631170403105
2.44358493865002
1.92647965869927
2.45950416638829
2.16077585619565
2.46096744841286
2.22279984087568
2.5537298122384
1.90139956616226
2.19383464446956
2.57352727309478
2.39385435668444
2.34865794578124
2.3051542334522
2.56172722661162
1.91801486402075
2.29827374788804
2.32108000412761
2.62958973207538
2.01765580124594
2.15260988663588
2.12511064404566
2.39208772259464
1.94057423464015
2.50151669868942
2.09957938367651
1.4305195137673
2.27222539391147
2.40710631795106
3.06422863213679
1.93357531224781
1.97860732015119
3.07277111399421
2.08821850101065
1.69226369148557
2.27074507382421
2.46056753788116
2.12183925094345
2.03582005541418
2.64001241821689
1.96032829897704
2.04605760199948
2.85137393403661
2.13426512883419
2.76364287647878
2.63195741739517
2.65722835530346
2.95373092691373
2.75023928371495
2.33072224310443
3.17583360558191
2.96511293481857
