2.62974820786552
2.52885089828137
3.13570748678841
3.03061263820101
2.68242345118478
2.76719747332966
2.41176067814122
3.2409599002555
2.19066746592231
2.8244537855382
3.07526629162763
1.99512875796709
2.48547374655733
3.06978369737285
2.71008834167825
2.36824829188104
2.31099728568209
1.7379932318063
3.33694523206514
2.22204469652332
2.116584263249
2.00808367249456
1.78918498452393
2.05273508427352
2.79391096023404
2.29936448044908
2.04263891734755
2.86438421321135
3.4417445121251
2.48428355009302
2.35454743846875
2.23439123920459
2.21282656415788
2.76590400750291
2.26546992079643
2.81540020752
2.58842459801783
2.24045728473193
2.19844870359216
1.6142052561709
2.18385182609925
3.00054548286204
2.63982775128046
2.90406473313833
3.17271069853324
2.46832204283824
2.22269526189895
2.09257285844671
2.24095451803591
2.07553152562126
2.10662937646035
2.59931030055602
2.58008404927125
2.80935171378799
2.88608368621665
2.4393495294371
2.63244376679871
2.62360454113761
2.62659889492471
2.46260482844294
2.75325540178375
3.21433135852718
3.47846223149173
2.94713381642858
2.57246676793926
2.56980827023733
2.6259990759831
2.89941653210156
3.07286483929637
1.60468831936737
2.65879333644985
2.64243564047687
2.39430337704929
2.72831469328128
2.51264816636106
1.97081761624439
3.17827618907477
2.75178520984529
3.17037162786642
2.19292904088533
3.03127111916099
2.71628382843379
2.8170850387483
1.75092060966063
2.47428186207552
1.67509298151595
2.35650784112623
2.29460478844465
1.7141650180527
3.15081866233487
2.35536277752408
2.02448477766643
2.24152791215091
2.64216916995055
2.16189845020946
3.13736724956453
1.80409108265116
2.26908823239492
2.45647304847389
2.74840263995803
2.52600891008634
2.06498769733238
2.25351972420533
2.17254804787686
2.78800484359956
1.59862454440337
2.11528637516657
1.62703416317401
2.02012380507767
1.39767316189911
2.54211596407696
1.65802648336432
2.73677604448773
2.31771521434701
2.23438933992267
2.36371488244806
2.86028655583565
0.979840690597073
1.74683335581077
1.15054905255177
0.710012881484395
1.2502474491515
0.493164687230493
1.61352977795677
2.16372033076085
1.26985631381238
1.17927864830358
3.09441586346076
2.22367336237907
1.85590293742978
0.931995246960521
2.212233944349
2.41435363399476
3.16891171134337
1.95585000953695
2.84099201232051
2.74816437922541
3.09189374267013
2.2686410631694
2.44579269252874
3.25285953840554
2.62420771140593
2.07825814705739
2.0815092641112
2.47919637285628
1.76225923592303
2.51889928205395
2.36592556025904
2.62548453487084
3.29808426505494
2.27331929857412
1.80933534482501
0.668772828869273
2.03729039301995
1.44245202449483
2.5359245430424
2.49984455134416
2.77842374427973
2.14267262942865
1.01705468170552
3.12972098201109
2.5119565493159
1.91728570980798
1.57728925659613
2.23969381409241
1.07039752699285
0.380664542774663
2.183999717227
2.18738316643149
1.67855223027637
2.9548651775564
1.98404895592666
3.05209323788684
2.92030474178803
2.2103838783084
2.27909857930484
2.42435599675633
1.92773498956362
1.80562239620012
2.28155966643874
